1 10
100 200
201 210
900 1000
1 5000
500 1000
1 2
2 4
4 8
8 16
16 32
32 64
64 128
128 256
256 512
512 1024
1024 2048
230000 410000
210000 230000
150000 210000
140000 150000
100000 140000
75000 100000
50000 75000
35500 50000
35000 35500
34000 35000
26000 23000
69 776466
65 814583
51 915029
75 2422
6 3533
18 695
16 881888
81 66146
81 2459
99 769360
18 83367
276436 591840
895846 366251
93056 87012
313524 719076
710645 30021
36480 415214
283829 257553
153758 388980
186767 225152
13659 224524
663490 610749