1 10
100 200
201 210
900 1000
837799 837799
800000 900000
10 1
200 100
1 1000000
1000000 1000000
999999 1000000
1 1
2 2
100 100
1 2
1000 5000
10000 20000
5000 10000
5001 9999
800000 837798
638255 638258
908767 908768
910670 910670
455335 455335
455335 910670
455335 910671
683003 683003
768379 768379
768379 768380
972481 972481
76925 769250
64907 64907
2437 7312
2437 3656
2 4
2 10
10 9
457 457
457 900
457 1000
1372 457
214 322
214 457
214 213
53 160
1300 1300
666 6666
6154 911
6154 9111
001 1
001 2
1 001
001 002
002 002