3411 7543
3 30
161999 105415
135 377
357 751
7660 6110
3115 67120
158 977
1217 69403
320 27390
124 5193
111 618
9 16
452918 61895
293 841
380 342
282608 974468
259 632
9 8
3887 37978
13 8387
2162 51635
172541 584917
6000 8019
106766 778999
1517 8093
161 842
7527 6011
6743 9604
478971 546848
4502 5208
9800 9935
3474 35005
1775 7684
4 5
8 451
465105 78040
1009 5268
105 575
1607 97841
1694 27036
334030 618171
3569 94228
9 13
3164 8010
6 17
103937 866291
7071 8582
94803 264169
486 602
15 967
62 15614
6 21
8 16
126 992
145 605
5495 8256
232 879
5 10
9 26