1 10
100 200
201 210
900 1000
1001 1100
1000 2000
2001 2100
2000 3000
3001 3100
3000 4000
4001 4100
4000 5000
5001 5100
5000 6000
6001 6100
6000 7000
7001 7100
7000 8000
8001 8100
8000 9000
9001 9100
9000 10000
10001 11000
10000 20000
20001 21000
20000 30000
30001 31000
30000 40000
40001 41000
40000 50000
50001 51000
50000 60000
60001 61000
60000 70000
70001 71000
70000 80000
80001 81000
80000 90000
90001 91000
90000 100000
100001 101000
100000 200000
200001 210000
200000 300000
300001 310000
300000 400000
400001 410000
400000 500000
500001 510000
500000 600000
600001 610000
600000 700000
700001 710000
700000 800000
800001 810000
800000 900000
900001 910000
900000 999999
