1 10
10 2
37 41
1 2
55 150
524124 213543
321	352135
6845 635465
4654 23144
63545 100
10000 10
8989 8990
1500 1600
99999 999
651651 32154
321564 56321
2582 225252
222222 222223
44445 55554
66666 668789
478452 15672
999999 1
999999 1500
999999 165464
543185 564654
897872 21567
32172 587532
132487 789987
4654 879156
13247 132743
65476 1111
1111 1112
1112 1111
1111 5555
6666 7777
8888 10000
9999 10000
898989 989898
12324 456877
1 40000
2 65
7 555555
8 800
9 10
20 10000
20 999999
20 54
20 37
20 65464
20 19