1 10
100 200
201 210
900 1000
69 1515
136 240
1 1000000
50000 50001
9347 78953
124 890423
432 568
50 1029
10101 11101
10000 100000
100001 200000
200001 300000
300001 400000
400001 500000
500001 600000
600001 700000
700001 800000
800001 900000
900001 1000000
1 100
1 1000
1 10000
1 100000
4567 123456
1234 234567
2015 2019
311 911
512 5120
45 100
99 102
1350 500000
52 8090
421 569
111 111
11 1111
1 11111
2349 2394
1234 4321
999 99990
2 22222
4182 74892
2723 3276
666 5656
3 33333
812 5150
1969 1978
42 1010
567 1048
1209 5308
5132 328900
132 94573
894 4203
1996 2017
9420 24900
100 1000
555 5555
100 10000
