1 10 20
100 200 125
201 210 89
900 1000 174
10 1 20
200 100 125
210 201 89
1000 900 174
1 1 1
1 2 2
1 3 8
1 4 8
1 10000 262
10000 1
5001 10000 262
10000 5001 262
1 200000 279
20000 1 279
35453 456
7863 4863
10000 10000
1000000 1
999999 1000000
4 8
32 16
64 128
512 256
1024 2048
8192 4096
16384 32768
192 168
255 255
1 100
1 1000
1 10000
1 100000
1 1000000
1 10000
10001 20000
20001 30000
30001 40000
40001 50000
50001 60000
100000 200000
200001 300000
300001 400000
400001 500000
500001 600000
999999 1
99999 1
9999 1
999 1
99 1
9 1