10 10
20 21
21 20
1001 2000
2001 3000
3001 4000
4001 5000
5001 6000
6001 7000
7001 8000
8001 9000
9001 10000
10000 9000
59 878
1 10000
1 100000
1 1000000
1000000 1
1 2
2 3
3 4
123098 158927
1000000 1000000
999999 1000000
1 1
31 4159
31 415926
22 22
549 2222
3000 7000
7000 3000
129 2587
2 12
282 6244
501023 12083
1223 888821
32498 109
292 580
10091 85029
123 456
789 101112
39 58
111 1111
1111 11111
50 100
1000 2000
12 24
24 48
48 96
12309 45901
12358 8120