1 10
100 200
201 210
900 1000
10000 20000
20001 21000
90000 100000
100001 200000
200001 210000
900000 1000000
1 1000000
340602 663735
842205 817152
317189 412574
400461 461362
932965 706771
188621 975537
22274 548871
826370 362626
850629 983835
827307 250468
925972 596160
321093 502265
99412 513403
115629 765776
641302 356344
326132 556590
746068 775996
906929 59996
460703 115333
913787 625900
542595 77322
301021 674781
224718 51681
972350 667544
580775 463966
144740 470955
841419 789966
104718 382675
462989 736204
383532 80734
993889 452013
266725 35018
942007 328333
77992 535435
710618 907416
213730 717035
982428 477859
618852 697418
606276 432632
706887 367820
769085 129086
906135 665564
797696 606917
604364 702265
633869 462121
332778 153590
155028 802056
445992 395872
2788 397005
682154 208732
215909 27883
184433 428987
258347 59190
996 450643
363612 54646
972117 82570
268038 645804
239115 304510
697029 721843
560986 317498
855401 917156
796359 425419
620701 799349
766400 380771
346737 104383
177385 126093
585443 811795
776092 993075
31499 661946
897782 769572
10057 172344
378305 745271
456790 611385
529379 333352
456564 32883
285949 687758
725879 228466
995052 232858
862949 459409
790534 57689
54591 72462
683876 787938
681755 607699
10948 831372
311973 289494
374595 201277
643573 628859
494804 3236
350095 236450