457958 624402
218885 383763
142890 718559
34210 177041
192922 452166
561306 935823
490156 622785
80458 748293 
865498 911933
516761 533124
114389 438569
450390 736774
932381 982695
393363 470431
662326 916572
466172 622925
41480 556944
498823 969596
250099 658115
759035 913622
126958 924869
422302 521040
35713 198008
191244 910318
1127 137661
438042 732251
373066 865915
606990 751667
548042 843480
1 10
55 55
99999 1
1000000 1000000
600000 700000
900 1000
500000 555555
999000 1000000
2000 4000
1 2
9 10
33001 35500
700000 700003
678 32456
10000 20000
69 420
17 1984
700000 800000
34 168
2 1
999999 1