1 10
100 200
201 210
900 1000
1500 1500
9000 1
999999 500000
128 256
512 1024
2048 4096
8016 1632
11111 11112
11111 11110
1 2
1 999999
10 100
100 1000
1000 10000
10000 100000
119 179
125852 258456
254563 325652
345852 452785
458526 521456
524852 625482
625852 785456
789456 896541
812478 985214
1 1
987852 865321
856652 785214
745258 625456
658852 582963
582471 471582
471963 369528
321358 231852
256348 152032
124520 555
111 222
222 333
999998 999997
333 444
444 555
555 666
666 777
777 888
999 1000
2 200000
4 400000
6 600000
8 800000
10 100000
3 300001
5 500001
7 700001
9 900001
999999 1