1 10
100 200
201 210
900 1000
10 1
200 100
1 1
1000000 1000000
1 1000000
1000000 1
47382 58743
1234 5678
5678 1234
999999 1
9283 4758
920 450
10000 2
11111 12121
122 14
2 23
2 2
3978 3883
483 777
99898 99098
778 889
110 921
1001 9000
909 808
156 674
92 1000000
978 9382
885 2
92929 73737
198 889
776 665
243 8251
108 100
99 99
999 9999
157982 45
54 31
3125 29
80 81
81 80
9009 8228
134523 374
777 747
111111 10101
100101 98878
8574 5768
12 12
145879 99299
41 577
8989 1515
181818 262626
78934 20394
8808 319780
213789 95
1982 23597
7845 5678
98 109029
972543 66768
11923 99482
2 500000
279389 49931