1 1000000
100 1
2485 3920
5920 173
195000 195000
1000000 1
1 2
6748 6748
2 1
1000 2000
2000 1
3400 100000
250 5
500000 600000
600000 500000
12345 54321
78794 49787
123 124
67000 78000
1 1
10000 20000
34500 50002
219134 18151
489644 856995
834938 627639
789819 263500
374616 220626
756310 219267
666570 341623
692527 28354
617276 646634
587149 195760
267042 981607
518558 85362
922941 61284
272262 700090
519800 678436
706159 563435
209380 633684
999971 890012
830441 440048
45500 115025
408527 81170
952911 892736
273549 684885
332846 191523
557922 539507
54735 83984
670156 919892
537397 115840