1 10
100 200
201 210
900 1000
1 1
1 2
1 3
1 5
8 8
9 9 
1 1000
1001 2000
2001 3000
3001 4000
4001 5000
5001 6000
6001 7000
7001 8000
8001 9000
9001 10000
1001 2500
2000 3500
3000 5500
10000 20000
20001 30000
30001 40000
40001 50000
50001 60000
60001 70000
70001 80000
80001 90000
90001 100000
25000 40000
35000 70000
10000 100000
100000 200000
200001 300000
300001 400000
400001 500000
500001 600000
600001 700000
700001 800000
800001 900000
900001 1000000
250000 400000
350000 700000
999000 1000000
250 690
7 8001
40000 40001
660000 900000
555555 600001
1 1000000
800 11000
8888 8888
89999 90000
90000 90001
89999 90001
999 100001
1000000 1000000
11 58
614 2102
