1 10
100 200
201 210
900 1000
384 387
416 778
336 794
387 493
422 650
28 363
60 691
427 764
427 541
173 237
212 369
430 568
31 783
124 863
68 136
303 930
23 59
70 168
394 457
12 43
230 374
420 422
38 785
199 325
316 371
27 414
92 481
374 957
171 863
282 997
2306 20926
7085 336328
337 826506
847 21730
1314 225858
6125 653896
9583 400546
8815 233368
5435 190365
4044 713751
1088 26809
7277 847179
5789 193585
5404 602652
2755 412400
9933 495061
9677 793369
7740 610013
6227 98587
8095 597540
796 880571
1435 460379
7468 266602
98 612903
3318 570493
6653 560757
7302 460281
4287 109442
3866 729690
8445 646620
