837500 1000000
626000 837500
511000 626000
410000 511000
230000 410000
210000 230000
150000 210000
140000 150000
100000 140000
75000 100000
50000 75000
35500 50000
35000 35500
34000 35000
26000 23000
23000 26000
13000 17000
10000 13000
6000 10000
3000 6000
2500 3500
2400 2500
2400 2300
2200 2300
1000 2200
800 1000
700 870
650 700
650 660
650 655
650 654
640 645
320 640
310 320
230 310
320 325
170 230
120 170
95 120
70 95
55 73
54 73
54 54
25 50
50 25
10 17
10 18
8 8
4 6
45
1 15
2 28
3 24
20 25
50 100
100 170
230 320
600 650
3712 6170
