446993 218380
414673 9321
824881 836272
829569 589959
238115 435425
274242 723306
81804 540492
325173 969804
628663 779682
275001 880790
493380 905139
19052 858389
855323 298308
961633 229558
397057 850847
120362 740093
177205 441262
147009 796252
443042 277556
323831 906740
228969 90148
603710 720548
418369 281973
647927 668279
15125 400504
271569 370844
229182 648130
25434 490866
819341 175127
242432 4403
848931 108678
85831 739037
367803 872096
36081 893181
436585 359546
323780 222968
971909 723104
979127 400444
670605 741144
675007 524885
300037 148808
39073 518051
427520 491004
320700 882325
196598 437924
419565 524999
659020 883643
575815 471469
833310 117431
358194 582734
23353 806821
541404 879838
32407 555037
431083 598038
869006 193472
910356 741842
793999 130344
781819 7106
899249 862994
481983 905838
805155 623689
684992 641576
240028 731240
354417 248423
64241 602657
322434 153489
969129 123885
976234 786004
355579 23938
261417 95182
401457 557323
43033 42816
290624 69713
539046 161719
658054 684808
811542 593253
935426 412054
237782 24853
261719 419470
873252 746040
430574 554591
989742 168297
575806 983345
737524 554773
938683 480617
531936 987053
943989 815922
968842 613920
600000 600000
650702 583370
721645 523652
889941 865390
1 1
944409 958258
941377 689049
928429 594245
260703 310982
874622 479497
1000000 1000000
395198 70160
