1 100
1 999999
100 2500
2000 5000
1000 2000
5000 7500
5500 7500
10000 100000
1 1999
1500 10500
15000 100500
1 1001
200 2001
200 1999
100 1
999999 1
2500 100
5000 2000
7500 5000
7500 5500
200 210
2 3
8934 22345
645 86459
34586 662562
596 432867
1000 1000
1 1
999999 999999
2076 876876
1651 2076
2076 7295
65 849645
761869 888888
159753 8462
8822 4646
4521 6455
217 238
132456 456789
987654 654321
8135 7925
685214 564564
54234 198342
384635 819662
111111 222222
5346 91287
357456 987654
100 2017
3825 87867
4523 6987
6734 59128