116740 670488
26226 777573
256788 288390
146317 234054
107474 772247
709571 776647
571859 935519
91162 619177
33327 442418
31245 98247
229259 243963
529904 631263
27825 588509
208497 750801
681454 735393
439899 571413
231149 471030
291705 617890
848750 911528
6815 795668
167415 844963
443144 732053
291370 356779
163033 225773
352945 800582
97252 107176
101415 398383
376418 888663
360664 633053
277371 846336
45562 765180
481742 562276
130890 967097
82628 396923
307420 578857
659177 869694
648565 928464
379202 903566
201630 605398
72934 738798
48051 693385
238969 810621
83668 303446
244099 896866
105908 908574
291477 398592
475436 666564
382555 874629
170556 388163
219685 372529
279947 702730
735912 982154
679515 716752
74871 638721
179452 665823
560087 764545
171340 256703
397888 484715
283061 970343
671089 721591
230284 584005
340036 717871
805636 883795
58656 813695
240175 861723
33660 844152
330777 420652
69404 280747
221232 957493
594732 988713
752788 918939
222956 329964
523482 687278
414851 927658
674080 958973
