1 10
100 200
201 210
900 1000
3000 199999
15000 99765
654 999
9012 7425
563919 956392
499999 999999
92856 120
1250 50000
8629 88888
121849 410920
1 5
1000000 1000000
222222 128498
1 999999
182461 454545
299 508
6128 9999
499 1000
999 771299
913518 1000000
1000 560
511 55151
46500 500100
9789 568423
886 377
6616 5455
3010 33000
10040 100500
19 919199
83000 12340
3415 336412
652144 489051
5427 916954
1 99000
120000 1
1 45
25 225
27 53404
2000 310000
300021 600000
40011 800000
2050 742123
81231 444363
233458 444364
71574 100100
481253 552343
9152 92152
